1.815535969994813570e+01
-1.126370382367317404e+02
1.895889117664836760e+02
-1.340241909402104170e+02
5.809744546778744052e+02
-3.119967641095072963e+01
-6.951235542959087752e+02
-3.524052183296601584e+02
-1.739803868462351602e+03
1.607056810188434781e+02
2.066372986509258226e+03
-4.684426365587884220e+02
1.423856646478913035e+03
1.322911629753988336e+03
-4.049483178384610937e+02
3.860061770093857945e+02
-4.242109668715974294e+03
-7.997766844554942054e+02
-1.647856519374107904e+02
-1.853731156936254649e+02
4.745514417979226891e+03
1.507308119071439876e+02
-8.371637914033989603e+01
-1.061207407659805085e+03
-1.729798420960187059e+03
2.934838659348905594e+02
5.611837382493209816e+02
-1.052658001028244854e+02
2.429456987402030848e+02
1.733476026770232750e+02
