1.862377000000046967e-01
1.862377000000046967e-01
1.862377000000046967e-01
1.862377000000046967e-01
1.862377000000046967e-01
1.862377000000046967e-01
1.851055441492227560e-01
1.826251605040274395e-01
1.789678478207608336e-01
1.747948997844671337e-01
1.728451859360773946e-01
1.717748983967987697e-01
1.710137997282140387e-01
1.704015312986655317e-01
1.698714186916919222e-01
1.693933700332271586e-01
1.689508267593037849e-01
1.685351995190308982e-01
1.681373528507404402e-01
1.677591487952044824e-01
1.673967964565314659e-01
1.670532203765537071e-01
1.667273841956072311e-01
1.664210494114454486e-01
1.661357464433665387e-01
1.658707081891242774e-01
1.656268145262079217e-01
1.654026609909112211e-01
1.651975537457640864e-01
1.650105599957631675e-01
1.648396822872901235e-01
1.646837517076522595e-01
1.645407034107919109e-01
1.644093473292918828e-01
1.642884936174534571e-01
1.641755221338928317e-01
1.640701895003453259e-01
1.639701799868138465e-01
1.638734696350057363e-01
1.637771009333342798e-01
1.636751640556946552e-01
1.618792000000412457e-01
1.618792000000412457e-01
1.618792000000412457e-01
1.618792000000412457e-01
1.618792000000412457e-01
1.618792000000412457e-01
1.618792000000412457e-01
1.618792000000412457e-01
1.618792000000412457e-01
1.618792000000412457e-01
1.618792000000412457e-01
1.618792000000412457e-01
1.618792000000412457e-01
1.618792000000412457e-01
1.618792000000412457e-01
1.618792000000412457e-01
1.618792000000412457e-01
1.618792000000412457e-01
1.618792000000412457e-01
1.618792000000412457e-01
1.618792000000412457e-01
1.618792000000412457e-01
1.618792000000412457e-01
1.618792000000412457e-01
1.618792000000412457e-01
1.618792000000412457e-01
1.618792000000412457e-01
1.618792000000412457e-01
1.618792000000412457e-01
1.618792000000412457e-01
1.618792000000412457e-01
1.618792000000412457e-01
1.618792000000412457e-01
1.618792000000412457e-01
1.618792000000412457e-01
1.618792000000412457e-01
1.618792000000412457e-01
1.618792000000412457e-01
1.618792000000412457e-01
1.618792000000412457e-01
1.618792000000412457e-01
1.618792000000412457e-01
1.618792000000412457e-01
1.618792000000412457e-01
1.618792000000412457e-01
1.618792000000412457e-01
1.618792000000412457e-01
1.618792000000412457e-01
1.618792000000412457e-01
1.618792000000412457e-01
1.618792000000412457e-01
1.618792000000412457e-01
1.618792000000412457e-01
1.618792000000412457e-01
1.618792000000412457e-01
1.618792000000412457e-01
1.618792000000412457e-01
1.618792000000412457e-01
1.618792000000412457e-01
