0.000000000000000000e+00 0.000000000000000000e+00
1.000000000000000000e+00 0.000000000000000000e+00
0.000000000000000000e+00 1.000000000000000000e+00
1.000000000000000000e+00 1.000000000000000000e+00
0.000000000000000000e+00 4.400000000000000577e-01
3.999999999999994532e-02 2.000000000000000111e-01
7.999999999999998779e-02 6.400000000000000133e-01
1.199999999999999262e-01 8.400000000000000799e-01
1.599999999999999756e-01 3.599999999999999867e-01
2.000000000000000111e-01 7.999999999999998779e-02
2.400000000000000466e-01 5.199999999999999067e-01
2.799999999999999156e-01 9.599999999999999645e-01
3.199999999999999512e-01 7.600000000000000089e-01
3.599999999999999867e-01 2.400000000000000466e-01
4.000000000000000222e-01 3.999999999999994532e-02
4.400000000000000577e-01 9.199999999999999289e-01
4.799999999999998712e-01 5.999999999999999778e-01
5.199999999999999067e-01 4.000000000000000222e-01
5.599999999999999423e-01 1.599999999999999756e-01
5.999999999999999778e-01 8.000000000000000444e-01
6.400000000000000133e-01 5.599999999999999423e-01
6.800000000000000488e-01 0.000000000000000000e+00
7.199999999999999734e-01 1.000000000000000000e+00
7.600000000000000089e-01 3.199999999999999512e-01
8.000000000000000444e-01 6.800000000000000488e-01
8.400000000000000799e-01 1.199999999999999262e-01
8.800000000000001155e-01 8.800000000000001155e-01
9.199999999999999289e-01 4.799999999999998712e-01
9.599999999999999645e-01 2.799999999999999156e-01
1.000000000000000000e+00 7.199999999999999734e-01
