5.000000000000000000e-01
5.949999999999999734e-01
6.899999999999999467e-01
7.850000000000000311e-01
8.800000000000000044e-01
9.749999999999999778e-01
1.070000000000000062e+00
1.165000000000000036e+00
1.260000000000000009e+00
1.354999999999999982e+00
1.449999999999999956e+00
1.544999999999999929e+00
1.640000000000000124e+00
1.735000000000000098e+00
1.830000000000000071e+00
1.925000000000000044e+00
2.020000000000000018e+00
2.115000000000000213e+00
2.209999999999999964e+00
2.304999999999999716e+00
2.399999999999999911e+00
2.495000000000000107e+00
2.589999999999999858e+00
2.685000000000000053e+00
2.780000000000000249e+00
2.875000000000000000e+00
2.970000000000000195e+00
3.064999999999999947e+00
3.160000000000000142e+00
3.254999999999999893e+00
3.350000000000000089e+00
3.444999999999999840e+00
3.540000000000000036e+00
3.635000000000000231e+00
3.729999999999999982e+00
3.825000000000000178e+00
3.919999999999999929e+00
4.015000000000000568e+00
4.109999999999999432e+00
4.205000000000000071e+00
4.299999999999999822e+00
4.394999999999999574e+00
4.490000000000000213e+00
4.584999999999999964e+00
4.679999999999999716e+00
4.775000000000000355e+00
4.870000000000000107e+00
4.964999999999999858e+00
5.060000000000000497e+00
5.155000000000000249e+00
5.250000000000000000e+00
5.344999999999999751e+00
5.440000000000000391e+00
5.535000000000000142e+00
5.629999999999999893e+00
5.724999999999999645e+00
5.820000000000000284e+00
5.915000000000000036e+00
6.009999999999999787e+00
6.105000000000000426e+00
6.200000000000000178e+00
6.294999999999999929e+00
6.389999999999999680e+00
6.485000000000000320e+00
6.580000000000000071e+00
6.674999999999999822e+00
6.770000000000000462e+00
6.865000000000000213e+00
6.959999999999999964e+00
7.054999999999999716e+00
7.150000000000000355e+00
7.245000000000000107e+00
7.339999999999999858e+00
7.435000000000000497e+00
7.530000000000000249e+00
7.625000000000000000e+00
7.719999999999999751e+00
7.815000000000000391e+00
7.910000000000000142e+00
8.004999999999999005e+00
8.099999999999999645e+00
8.195000000000000284e+00
8.289999999999999147e+00
8.384999999999999787e+00
8.480000000000000426e+00
8.574999999999999289e+00
8.669999999999999929e+00
8.765000000000000568e+00
8.859999999999999432e+00
8.955000000000000071e+00
9.050000000000000711e+00
9.144999999999999574e+00
9.240000000000000213e+00
9.335000000000000853e+00
9.429999999999999716e+00
9.525000000000000355e+00
9.620000000000000995e+00
9.714999999999999858e+00
9.810000000000000497e+00
9.904999999999999361e+00
1.000000000000000000e+01
