3.356573999999999813e+01
3.237895199999999818e+01
3.175274399999999986e+01
3.132801999999999865e+01
3.083974800000000016e+01
3.027116799999999941e+01
2.962159600000000026e+01
2.933419999999999916e+01
2.905624800000000008e+01
2.854608400000000046e+01
2.798528800000000061e+01
2.779255200000000059e+01
2.762983600000000095e+01
2.736886799999999909e+01
2.717443600000000004e+01
2.698166000000000153e+01
2.694159199999999998e+01
2.685607999999999862e+01
2.678480000000000061e+01
2.693574399999999969e+01
