4.041904486437214450e-01
3.930131989671094561e-01
3.821555061807794806e-01
3.716309787946804333e-01
3.614985660339976592e-01
3.518670465188710739e-01
3.428994192205354619e-01
3.348162607180591999e-01
3.278966077431399451e-01
3.224743897590506281e-01
3.189281557617212326e-01
3.176622710971643837e-01
3.190793935616904053e-01
3.235469373363000223e-01
3.313634946232362766e-01
3.427329537841634077e-01
3.577526701090629757e-01
3.764176697067844191e-01
3.986377836948117870e-01
4.242615061693250089e-01
4.531002924159115985e-01
4.849490471352805310e-01
5.196010644958318769e-01
5.568575529537227453e-01
5.965328157183091839e-01
6.384563783410057702e-01
6.824731940141139930e-01
7.284427695330141228e-01
7.762377769524168025e-01
8.257424985162297171e-01
8.768513010042464639e-01
9.294672382857712689e-01
9.835008222368708530e-01
1.038868969119753460e+00
1.095494111386730474e+00
1.153303457174822411e+00
1.212228377373771426e+00
1.272203900573570801e+00
1.333168297953691406e+00
1.395062742438069492e+00
1.457831028764063452e+00
1.521419343281199543e+00
1.585776074214694242e+00
1.650851654775441935e+00
1.716598432883140513e+00
1.782970562419189386e+00
1.849923911872254800e+00
1.917415987014056356e+00
1.985405864874365767e+00
2.053854136797779173e+00
2.122722858782781330e+00
2.191975507642490495e+00
2.261576941801864749e+00
2.331493365770768822e+00
2.401692297513989605e+00
2.472142538087871433e+00
2.542814143034495711e+00
2.613678395122879916e+00
2.684707778107532139e+00
2.755875951240703614e+00
2.827157724328925870e+00
2.898529033168635305e+00
2.969966915232181925e+00
3.041449485505363981e+00
3.112955912402030290e+00
3.184466393701646858e+00
3.255962132471931891e+00
3.327425312952230207e+00
3.398839076384498892e+00
3.470187496787351389e+00
3.541455556676206928e+00
3.612629122738087339e+00
3.683694921474615747e+00
3.754640514829946873e+00
3.825454275823621852e+00
3.896125364210071051e+00
3.966643702188276777e+00
4.036999950186081598e+00
4.107185482744043270e+00
4.177192364524432655e+00
4.247013326470473693e+00
4.316641742141086091e+00
4.386071604245576516e+00
4.455297501402395000e+00
4.524314595145040308e+00
4.593118597197503483e+00
4.661705747040512549e+00
4.730072789788870580e+00
4.798216954399102008e+00
4.866135932225229332e+00
4.933827855939679985e+00
5.001291278834758103e+00
5.068525154519115006e+00
5.135528817022349202e+00
5.202301961319636625e+00
5.268844624287095435e+00
5.335157166097387105e+00
5.401240252063916003e+00
5.467094834940788850e+00
5.532722137684577213e+00
5.598123636682905691e+00
