5.000000000000000278e-02 6.631560000000000343e+01
7.368349999999999900e-02 3.789450000000000074e+01
9.736699999999999522e-02 1.421010000000000062e+01
1.210505000000000053e-01 8.052660000000000196e+01
1.447384999999999922e-01 5.210549999999999926e+01
1.684219999999999884e-01 2.842109999999999914e+01
1.921055000000000124e-01 4.736699999999999910e+00
2.157890000000000086e-01 7.105230000000000246e+01
2.394725000000000048e-01 4.736880000000000024e+01
2.631560000000000010e-01 9.000000000000000000e+01
2.868439999999999879e-01 9.473399999999999821e+00
3.105275000000000118e-01 3.315780000000000172e+01
3.342109999999999803e-01 5.684219999999999828e+01
3.578945000000000043e-01 7.578990000000000293e+01
3.815779999999999728e-01 1.894770000000000110e+01
4.052614999999999967e-01 0.000000000000000000e+00
4.289494999999999836e-01 4.263119999999999976e+01
4.526330000000000076e-01 8.526330000000000098e+01
4.763164999999999760e-01 6.157889999999999731e+01
5.000000000000000000e-01 2.368440000000000012e+01
