5.499951318435348639e+02
7.118855147819601825e+01
1.952813030959457592e+02
-5.286398451182281377e+01
-1.966630141279277041e+03
-1.525615991079278899e+02
-1.290852211116505828e+02
-7.050317349045087667e+02
4.299386910933601030e+03
3.560744603063397449e+02
3.338365948616033734e+02
-3.303266838897700836e+03
-4.341633974382176575e+02
-3.783453965313285607e+02
1.183812530959096875e+03
-2.014292634381862683e+02
5.413262040078244581e+02
1.189718205299687810e+02
-4.986599254127332514e+00
-2.141646434574178954e+02
