0.000000000000000000e+00 7.368400000000000505e-01
5.262999999999998929e-02 4.210500000000000353e-01
1.052599999999999786e-01 1.578900000000000026e-01
1.578900000000000026e-01 8.947399999999999798e-01
2.105299999999999672e-01 5.789499999999999647e-01
2.631599999999999495e-01 3.157900000000000151e-01
3.157899999999999596e-01 5.262999999999999623e-02
3.684200000000000252e-01 7.894700000000000051e-01
4.210499999999999798e-01 5.263200000000000101e-01
4.736799999999999899e-01 1.000000000000000000e+00
5.263200000000000101e-01 1.052599999999999925e-01
5.789500000000000757e-01 3.684200000000000252e-01
6.315799999999999192e-01 6.315800000000000303e-01
6.842099999999999849e-01 8.421100000000000252e-01
7.368399999999999395e-01 2.105300000000000227e-01
7.894700000000000051e-01 0.000000000000000000e+00
8.421099999999999142e-01 4.736799999999999899e-01
8.947399999999999798e-01 9.473700000000000454e-01
9.473699999999999344e-01 6.842099999999999849e-01
1.000000000000000000e+00 2.631600000000000050e-01
