1.815535971895081602e+01
-1.126370382375606880e+02
1.895889117718966759e+02
-1.340241909436500691e+02
5.809744546504986147e+02
-3.119967644764740200e+01
-6.951235542197249515e+02
-3.524052183912402256e+02
-1.739803868275801506e+03
1.607056809559412613e+02
2.066372986231880532e+03
-4.684426365324622452e+02
1.423856646602421506e+03
1.322911629778312545e+03
-4.049483177872005513e+02
3.860061769389972142e+02
-4.242109668593604511e+03
-7.997766844133085442e+02
-1.647856520232290052e+02
-1.853731157315106373e+02
4.745514417845411117e+03
1.507308119117276419e+02
-8.371637910597597454e+01
-1.061207407590265575e+03
-1.729798420887376778e+03
2.934838659314624465e+02
5.611837382169907187e+02
-1.052658001482788137e+02
2.429456987444176832e+02
1.733476026939123642e+02
