4.821140756538205778e+02
3.205691371209271097e+02
1.568159869493666747e+02
-2.551060518988000325e+01
3.489020422528662493e+03
-2.282755733460704505e+03
-4.436064398157874166e+03
2.089554846107902904e+03
-3.481153055241797119e+03
9.744838451398654797e+02
2.409600343470574899e+03
-2.499699378353085194e+03
1.035361360757474216e+02
8.531933118231085245e+03
-3.316750018525611722e+03
3.213311171787137027e+03
7.592694981427023777e+03
-1.281055909911416893e+04
-1.303767869936776378e+03
-6.950494295991687068e+03
-1.754642270817774715e+03
3.003382582460373669e+03
1.200114895247361119e+03
9.969743972682588719e+03
6.910699368228373714e+03
-6.293765680462669479e+03
-2.197504778076231560e+03
-8.361213977870300369e+03
3.670702575614962370e+03
1.603829032251831450e+03
