7.622895528261052212e-01
2.852630765339104757e-01
1.000000000000000000e+00
0.000000000000000000e+00
8.383643909796977267e-01
6.749674433420462805e-01
6.530959273728884629e-01
5.965433729634521676e-01
4.408288597206215242e-01
3.896540093875601185e-01
3.321891658937386471e-01
3.231224879844850073e-01
2.505234829534275232e-01
2.132894404002360633e-01
2.416570636236729519e-01
1.416120932759960815e-01
1.109350553228964642e-01
1.088563478456393147e-01
1.527129767559515239e-01
5.594592315691850754e-02
6.062447885925224822e-02
2.219017304215032405e-01
2.028467166961768486e-02
8.700122731573857460e-02
2.622801840036735263e-02
1.689760813963291641e-01
8.209430656660847425e-03
6.044998454144290961e-02
1.208273607090325219e-01
2.945674883123937729e-02
