7.556621651052247701e-01
0.000000000000000000e+00
1.000000000000000000e+00
5.032516805740074040e-02
8.674146431457115947e-01
7.268634248228522665e-01
7.438128887577322157e-01
7.077575288528999975e-01
5.637879408982990892e-01
4.660587778917107404e-01
4.856224467963358160e-01
4.970154812223149809e-01
4.292880520881297013e-01
3.313234958082774129e-01
2.762288390059285392e-01
3.380813878940492900e-01
2.766012579569624985e-01
2.306295258184317687e-01
1.846290871831616498e-01
2.148535834702633707e-01
1.733057138559370713e-01
1.120927457151726231e-01
1.633675246847165474e-01
1.004930245126689770e-01
1.066055945517365572e-01
5.719750337684093716e-02
8.626340545553576322e-02
4.995619388597551114e-02
2.647083477344259334e-02
3.625056408266094654e-02
