1.255307999997920888e+04
1.255307999997920888e+04
1.255307999997920888e+04
1.255307999997920888e+04
1.255307999997920888e+04
1.255307999997920888e+04
1.257431288344761560e+04
1.262788990432581704e+04
1.272010030032888608e+04
1.283946792575770996e+04
1.290231507928796418e+04
1.294102184011351528e+04
1.297156537347963422e+04
1.299860340591074237e+04
1.302419335334820971e+04
1.304928177191240866e+04
1.307441141168352988e+04
1.309983954177098167e+04
1.312597268217489363e+04
1.315256264800343160e+04
1.317975219504465349e+04
1.320719901568034220e+04
1.323484834822006269e+04
1.326240757337344257e+04
1.328956960556715967e+04
1.331622856724496523e+04
1.334210933081258918e+04
1.336716902803047560e+04
1.339129866480824057e+04
1.341442108953387105e+04
1.343660686088895454e+04
1.345784391476462042e+04
1.347826383901432928e+04
1.349790227312024217e+04
1.351681069057077548e+04
1.353529677611942498e+04
1.355331336220807862e+04
1.357118253352398824e+04
1.358922484704218550e+04
1.360798991020169706e+04
1.362870363258767611e+04
1.386790000000847249e+04
1.386790000000847249e+04
1.386790000000847249e+04
1.386790000000847249e+04
1.386790000000847249e+04
1.386790000000847249e+04
1.386790000000847249e+04
1.386790000000847249e+04
1.386790000000847249e+04
1.386790000000847249e+04
1.386790000000847249e+04
1.386790000000847249e+04
1.386790000000847249e+04
1.386790000000847249e+04
1.386790000000847249e+04
1.386790000000847249e+04
1.386790000000847249e+04
1.386790000000847249e+04
1.386790000000847249e+04
1.386790000000847249e+04
1.386790000000847249e+04
1.386790000000847249e+04
1.386790000000847249e+04
1.386790000000847249e+04
1.386790000000847249e+04
1.386790000000847249e+04
1.386790000000847249e+04
1.386790000000847249e+04
1.386790000000847249e+04
1.386790000000847249e+04
1.386790000000847249e+04
1.386790000000847249e+04
1.386790000000847249e+04
1.386790000000847249e+04
1.386790000000847249e+04
1.386790000000847249e+04
1.386790000000847249e+04
1.386790000000847249e+04
1.386790000000847249e+04
1.386790000000847249e+04
1.386790000000847249e+04
1.386790000000847249e+04
1.386790000000847249e+04
1.386790000000847249e+04
1.386790000000847249e+04
1.386790000000847249e+04
1.386790000000847249e+04
1.386790000000847249e+04
1.386790000000847249e+04
1.386790000000847249e+04
1.386790000000847249e+04
1.386790000000847249e+04
1.386790000000847249e+04
1.386790000000847249e+04
1.386790000000847249e+04
1.386790000000847249e+04
1.386790000000847249e+04
1.386790000000847249e+04
1.386790000000847249e+04
